104388
104905
105392
109044
110391
110392
110393
110394
110395
110396
110397
112053
112390
112391
112511
112517
112518
112523
112532
112535
112542
112544
112546
112556
112560
112973
112974
112976
112979
112980
112981
112996
112997
114024
114053
114386
114389
115029
115393
116093
117385
310038
504108
504109
504139
504153
504158
505100
505101
510107
510118
510145
512118
512917
512921
512922
512936
512942
512943
512944
512946
512947
512955
512956
512957
512968
512970
512971
512972
518692
112521
112998
117095
117355
117356
117384
310037
509182
510156
510157
510158
512941
512945
512958
512959
512969